460: [(515, 1)]
515: [(460, 1), (570, 1)]
524: [(579, 1)]
528: [(583, 1)]
533: [(588, 1)]
555: [(610, 1)]
561: [(616, 1)]
568: [(623, 1), (569, 1)]
569: [(568, 1), (570, 1)]
570: [(515, 1), (569, 1)]
578: [(633, 1), (579, 1)]
579: [(524, 1), (578, 1), (580, 1)]
580: [(579, 1), (581, 1)]
581: [(580, 1), (582, 1)]
582: [(581, 1), (583, 1)]
583: [(528, 1), (582, 1), (584, 1)]
584: [(583, 1), (585, 1)]
585: [(584, 1), (586, 1)]
586: [(585, 1), (587, 1)]
587: [(586, 1), (588, 1)]
588: [(533, 1), (587, 1)]
610: [(555, 1), (665, 1)]
616: [(561, 1), (671, 1)]
623: [(568, 1), (678, 1)]
633: [(578, 1), (688, 1)]
665: [(610, 1), (720, 1)]
668: [(723, 1)]
671: [(616, 1), (726, 1)]
676: [(677, 1)]
677: [(676, 1), (678, 1)]
678: [(623, 1), (733, 1), (677, 1)]
688: [(633, 1), (743, 1)]
720: [(665, 1), (775, 1)]
723: [(668, 1), (778, 1)]
726: [(671, 1), (781, 1)]
733: [(678, 1), (788, 1)]
737: [(792, 1)]
743: [(688, 1), (798, 1)]
775: [(720, 1), (776, 1)]
776: [(775, 1), (777, 1)]
777: [(832, 1), (776, 1), (778, 1)]
778: [(723, 1), (777, 1), (779, 1)]
779: [(778, 1), (780, 1)]
780: [(779, 1), (781, 1)]
781: [(726, 1), (836, 1), (780, 1)]
783: [(838, 1)]
788: [(733, 1), (843, 1)]
792: [(737, 1), (847, 1)]
798: [(743, 1), (799, 1)]
799: [(798, 1), (800, 1)]
800: [(799, 1), (801, 1)]
801: [(800, 1), (802, 1)]
802: [(801, 1), (803, 1)]
803: [(858, 1), (802, 1)]
832: [(777, 1), (887, 1)]
836: [(781, 1), (837, 1)]
837: [(836, 1), (838, 1)]
838: [(783, 1), (893, 1), (837, 1), (839, 1)]
839: [(838, 1), (840, 1)]
840: [(839, 1), (841, 1)]
841: [(840, 1), (842, 1)]
842: [(841, 1), (843, 1)]
843: [(788, 1), (842, 1)]
847: [(792, 1), (902, 1)]
858: [(803, 1), (913, 1)]
865: [(920, 1)]
887: [(832, 1), (942, 1)]
893: [(838, 1), (948, 1)]
902: [(847, 1), (957, 1)]
913: [(858, 1), (968, 1)]
920: [(865, 1), (975, 1)]
942: [(887, 1), (997, 1)]
948: [(893, 1), (1003, 1)]
957: [(902, 1), (1012, 1)]
968: [(913, 1), (1023, 1)]
975: [(920, 1), (1030, 1)]
997: [(942, 1), (1052, 1)]
1003: [(948, 1), (1058, 1)]
1012: [(957, 1), (1067, 1)]
1023: [(968, 1), (1078, 1)]
1030: [(975, 1), (1085, 1)]
1052: [(997, 1), (1107, 1)]
1058: [(1003, 1), (1113, 1)]
1063: [(1118, 1), (1064, 1)]
1064: [(1063, 1), (1065, 1)]
1065: [(1064, 1), (1066, 1)]
1066: [(1065, 1), (1067, 1)]
1067: [(1012, 1), (1066, 1), (1068, 1)]
1068: [(1123, 1), (1067, 1), (1069, 1)]
1069: [(1068, 1), (1070, 1)]
1070: [(1069, 1), (1071, 1)]
1071: [(1070, 1), (1072, 1)]
1072: [(1071, 1), (1073, 1)]
1073: [(1128, 1), (1072, 1), (1074, 1)]
1074: [(1073, 1), (1075, 1)]
1075: [(1074, 1), (1076, 1)]
1076: [(1075, 1), (1077, 1)]
1077: [(1132, 1), (1076, 1), (1078, 1)]
1078: [(1023, 1), (1077, 1), (1079, 1)]
1079: [(1134, 1), (1078, 1), (1080, 1)]
1080: [(1079, 1), (1081, 1)]
1081: [(1080, 1), (1082, 1)]
1082: [(1081, 1), (1083, 1)]
1083: [(1082, 1), (1084, 1)]
1084: [(1083, 1), (1085, 1)]
1085: [(1030, 1), (1084, 1)]
1107: [(1052, 1), (1162, 1)]
1113: [(1058, 1), (1168, 1)]
1118: [(1063, 1), (1173, 1)]
1123: [(1068, 1), (1178, 1)]
1128: [(1073, 1), (1183, 1)]
1132: [(1077, 1), (1187, 1)]
1134: [(1079, 1), (1189, 1)]
1156: [(1211, 1), (1157, 1)]
1157: [(1156, 1), (1158, 1)]
1158: [(1157, 1), (1159, 1)]
1159: [(1158, 1), (1160, 1)]
1160: [(1159, 1), (1161, 1)]
1161: [(1160, 1), (1162, 1)]
1162: [(1107, 1), (1161, 1), (1163, 1)]
1163: [(1162, 1), (1164, 1)]
1164: [(1163, 1), (1165, 1)]
1165: [(1164, 1), (1166, 1)]
1166: [(1165, 1), (1167, 1)]
1167: [(1166, 1), (1168, 1)]
1168: [(1113, 1), (1223, 1), (1167, 1), (1169, 1)]
1169: [(1168, 1), (1170, 1)]
1170: [(1169, 1), (1171, 1)]
1171: [(1170, 1), (1172, 1)]
1172: [(1171, 1), (1173, 1)]
1173: [(1118, 1), (1228, 1), (1172, 1)]
1178: [(1123, 1), (1233, 1)]
1183: [(1128, 1), (1238, 1)]
1187: [(1132, 1), (1242, 1)]
1189: [(1134, 1), (1244, 1)]
1211: [(1156, 1), (1266, 1)]
1223: [(1168, 1), (1278, 1)]
1228: [(1173, 1), (1283, 1)]
1233: [(1178, 1), (1288, 1)]
1238: [(1183, 1), (1293, 1), (1239, 1)]
1239: [(1238, 1), (1240, 1)]
1240: [(1239, 1), (1241, 1)]
1241: [(1240, 1), (1242, 1)]
1242: [(1187, 1), (1241, 1), (1243, 1)]
1243: [(1242, 1), (1244, 1)]
1244: [(1189, 1), (1243, 1)]
1253: [(1308, 1), (1254, 1)]
1254: [(1253, 1)]
1266: [(1211, 1), (1321, 1)]
1278: [(1223, 1), (1333, 1)]
1283: [(1228, 1), (1338, 1)]
1288: [(1233, 1), (1343, 1)]
1293: [(1238, 1), (1348, 1)]
1308: [(1253, 1), (1363, 1)]
1321: [(1266, 1), (1376, 1)]
1333: [(1278, 1), (1388, 1)]
1338: [(1283, 1), (1393, 1)]
1343: [(1288, 1), (1344, 1)]
1344: [(1343, 1), (1345, 1)]
1345: [(1344, 1), (1346, 1)]
1346: [(1401, 1), (1345, 1), (1347, 1)]
1347: [(1346, 1), (1348, 1)]
1348: [(1293, 1), (1347, 1)]
1352: [(1353, 1)]
1353: [(1352, 1), (1354, 1)]
1354: [(1409, 1), (1353, 1)]
1363: [(1308, 1), (1418, 1)]
1376: [(1321, 1), (1431, 1)]
1388: [(1333, 1), (1443, 1)]
1393: [(1338, 1), (1448, 1)]
1401: [(1346, 1), (1456, 1)]
1409: [(1354, 1), (1464, 1)]
1418: [(1363, 1), (1473, 1)]
1423: [(1478, 1)]
1431: [(1376, 1), (1432, 1)]
1432: [(1431, 1), (1433, 1)]
1433: [(1432, 1), (1434, 1)]
1434: [(1433, 1), (1435, 1)]
1435: [(1434, 1), (1436, 1)]
1436: [(1435, 1), (1437, 1)]
1437: [(1436, 1), (1438, 1)]
1438: [(1437, 1), (1439, 1)]
1439: [(1438, 1), (1440, 1)]
1440: [(1439, 1), (1441, 1)]
1441: [(1440, 1), (1442, 1)]
1442: [(1497, 1), (1441, 1), (1443, 1)]
1443: [(1388, 1), (1442, 1)]
1448: [(1393, 1), (1503, 1)]
1456: [(1401, 1), (1511, 1)]
1462: [(1517, 1), (1463, 1)]
1463: [(1462, 1), (1464, 1)]
1464: [(1409, 1), (1463, 1), (1465, 1)]
1465: [(1520, 1), (1464, 1)]
1473: [(1418, 1), (1528, 1)]
1478: [(1423, 1), (1533, 1)]
1497: [(1442, 1), (1552, 1)]
1503: [(1448, 1), (1558, 1)]
1511: [(1456, 1), (1566, 1)]
1517: [(1462, 1), (1572, 1)]
1520: [(1465, 1), (1575, 1)]
1528: [(1473, 1), (1583, 1), (1529, 1)]
1529: [(1528, 1), (1530, 1)]
1530: [(1529, 1), (1531, 1)]
1531: [(1530, 1), (1532, 1)]
1532: [(1531, 1), (1533, 1)]
1533: [(1478, 1), (1532, 1)]
1552: [(1497, 1), (1607, 1)]
1558: [(1503, 1), (1613, 1)]
1566: [(1511, 1), (1621, 1)]
1572: [(1517, 1), (1627, 1)]
1575: [(1520, 1), (1630, 1)]
1583: [(1528, 1), (1638, 1)]
1607: [(1552, 1), (1662, 1)]
1613: [(1558, 1), (1668, 1), (1614, 1)]
1614: [(1613, 1), (1615, 1)]
1615: [(1670, 1), (1614, 1), (1616, 1)]
1616: [(1615, 1), (1617, 1)]
1617: [(1616, 1), (1618, 1)]
1618: [(1617, 1), (1619, 1)]
1619: [(1618, 1), (1620, 1)]
1620: [(1619, 1), (1621, 1)]
1621: [(1566, 1), (1620, 1), (1622, 1)]
1622: [(1677, 1), (1621, 1), (1623, 1)]
1623: [(1622, 1), (1624, 1)]
1624: [(1679, 1), (1623, 1), (1625, 1)]
1625: [(1624, 1), (1626, 1)]
1626: [(1625, 1), (1627, 1)]
1627: [(1572, 1), (1682, 1), (1626, 1), (1628, 1)]
1628: [(1627, 1), (1629, 1)]
1629: [(1628, 1), (1630, 1)]
1630: [(1575, 1), (1629, 1), (1631, 1)]
1631: [(1630, 1), (1632, 1)]
1632: [(1631, 1), (1633, 1)]
1633: [(1632, 1), (1634, 1)]
1634: [(1633, 1), (1635, 1)]
1635: [(1634, 1), (1636, 1)]
1636: [(1635, 1), (1637, 1)]
1637: [(1636, 1), (1638, 1)]
1638: [(1583, 1), (1637, 1)]
1662: [(1607, 1), (1717, 1)]
1668: [(1613, 1), (1723, 1)]
1670: [(1615, 1), (1725, 1)]
1677: [(1622, 1), (1732, 1)]
1679: [(1624, 1), (1734, 1)]
1682: [(1627, 1), (1737, 1)]
1717: [(1662, 1), (1772, 1), (1718, 1)]
1718: [(1717, 1), (1719, 1)]
1719: [(1718, 1), (1720, 1)]
1720: [(1719, 1), (1721, 1)]
1721: [(1720, 1), (1722, 1)]
1722: [(1721, 1), (1723, 1)]
1723: [(1668, 1), (1778, 1), (1722, 1)]
1725: [(1670, 1), (1780, 1)]
1732: [(1677, 1), (1787, 1)]
1734: [(1679, 1), (1789, 1)]
1737: [(1682, 1), (1792, 1)]
1740: [(1795, 1)]
1772: [(1717, 1), (1827, 1)]
1778: [(1723, 1), (1833, 1)]
1780: [(1725, 1), (1835, 1), (1781, 1)]
1781: [(1780, 1), (1782, 1)]
1782: [(1781, 1), (1783, 1)]
1783: [(1838, 1), (1782, 1), (1784, 1)]
1784: [(1783, 1), (1785, 1)]
1785: [(1784, 1), (1786, 1)]
1786: [(1785, 1), (1787, 1)]
1787: [(1732, 1), (1842, 1), (1786, 1)]
1789: [(1734, 1), (1844, 1)]
1792: [(1737, 1), (1847, 1)]
1795: [(1740, 1), (1850, 1), (1796, 1)]
1796: [(1795, 1), (1797, 1)]
1797: [(1796, 1), (1798, 1)]
1798: [(1797, 1), (1799, 1)]
1799: [(1798, 1), (1800, 1)]
1800: [(1799, 1), (1801, 1)]
1801: [(1800, 1), (1802, 1)]
1802: [(1857, 1), (1801, 1)]
1827: [(1772, 1), (1882, 1)]
1833: [(1778, 1), (1888, 1)]
1835: [(1780, 1), (1890, 1)]
1838: [(1783, 1), (1893, 1)]
1842: [(1787, 1), (1897, 1)]
1844: [(1789, 1), (1899, 1)]
1847: [(1792, 1), (1902, 1)]
1850: [(1795, 1), (1905, 1)]
1857: [(1802, 1), (1912, 1)]
1860: [(1915, 1)]
1882: [(1827, 1), (1883, 1)]
1883: [(1882, 1), (1884, 1)]
1884: [(1883, 1), (1885, 1)]
1885: [(1884, 1), (1886, 1)]
1886: [(1885, 1), (1887, 1)]
1887: [(1886, 1), (1888, 1)]
1888: [(1833, 1), (1887, 1), (1889, 1)]
1889: [(1888, 1), (1890, 1)]
1890: [(1835, 1), (1889, 1)]
1893: [(1838, 1), (1948, 1)]
1897: [(1842, 1), (1898, 1)]
1898: [(1897, 1), (1899, 1)]
1899: [(1844, 1), (1898, 1)]
1902: [(1847, 1), (1957, 1)]
1905: [(1850, 1), (1960, 1)]
1912: [(1857, 1), (1967, 1), (1913, 1)]
1913: [(1912, 1), (1914, 1)]
1914: [(1913, 1), (1915, 1)]
1915: [(1860, 1), (1914, 1)]
1948: [(1893, 1), (1949, 1)]
1949: [(2004, 1), (1948, 1)]
1957: [(1902, 1), (2012, 1)]
1960: [(1905, 1), (2015, 1)]
1967: [(1912, 1), (2022, 1)]
2004: [(1949, 1), (2059, 1)]
2012: [(1957, 1), (2067, 1)]
2015: [(1960, 1), (2070, 1)]
2020: [(2075, 1)]
2022: [(1967, 1), (2077, 1)]
2059: [(2004, 1), (2060, 1)]
2060: [(2059, 1), (2061, 1)]
2061: [(2060, 1), (2062, 1)]
2062: [(2061, 1), (2063, 1)]
2063: [(2062, 1), (2064, 1)]
2064: [(2063, 1), (2065, 1)]
2065: [(2064, 1), (2066, 1)]
2066: [(2065, 1), (2067, 1)]
2067: [(2012, 1), (2122, 1), (2066, 1)]
2070: [(2015, 1), (2125, 1)]
2075: [(2020, 1), (2130, 1)]
2077: [(2022, 1), (2132, 1)]
2122: [(2067, 1), (2123, 1)]
2123: [(2122, 1), (2124, 1)]
2124: [(2123, 1), (2125, 1)]
2125: [(2070, 1), (2180, 1), (2124, 1)]
2130: [(2075, 1), (2185, 1)]
2132: [(2077, 1), (2187, 1)]
2180: [(2125, 1), (2181, 1)]
2181: [(2180, 1), (2182, 1)]
2182: [(2181, 1), (2183, 1)]
2183: [(2182, 1), (2184, 1)]
2184: [(2183, 1), (2185, 1)]
2185: [(2130, 1), (2184, 1), (2186, 1)]
2186: [(2185, 1), (2187, 1)]
2187: [(2132, 1), (2186, 1), (2188, 1)]
2188: [(2187, 1), (2189, 1)]
2189: [(2188, 1)]
